"fistance_matrix:"[[0.0, 5.83, 9.34, 50.6, 50.92, 70.83, 71.81, 65.31, 22.2, 2.69, 17.36, 49.24, 52.77, 53.68, 52.61, 2.83, 9.22, 22.36, 27.59, 25.81, 10.3, 10.06, 63.25, 64.07, 0.01, 34.99, 61.85, 81.5, 129.83, 82.22, 41.76, 50.49, 51.62, 65.25, 45.01, 54.66, 29.27, 21.21, 22.09, 39.12, 39.61, 41.48, 28.07, 30.0, 30.61], [5.83, 0.0, 4.03, 46.32, 46.57, 66.91, 67.9, 61.52, 27.0, 4.03, 17.27, 46.14, 48.51, 49.36, 48.27, 3.16, 6.4, 19.85, 26.93, 31.62, 16.12, 15.88, 68.6, 69.4, 5.82, 40.22, 67.2, 78.1, 131.82, 79.76, 40.72, 48.51, 49.73, 63.91, 42.43, 51.12, 26.02, 18.11, 19.24, 36.88, 37.37, 40.31, 25.96, 31.14, 31.89], [9.34, 4.03, 0.0, 46.04, 46.2, 66.87, 67.86, 61.63, 31.0, 8.0, 15.7, 42.45, 44.51, 45.35, 44.26, 7.02, 4.5, 16.65, 24.62, 34.73, 19.5, 19.31, 70.68, 71.45, 9.33, 42.25, 69.27, 78.5, 135.3, 80.9, 42.98, 50.12, 51.39, 65.85, 43.66, 51.5, 26.97, 19.45, 20.72, 38.42, 38.9, 42.5, 27.77, 34.51, 35.3], [50.6, 46.32, 46.04, 0.0, 1.0, 21.0, 22.0, 16.28, 58.9, 47.91, 61.17, 73.93, 67.42, 67.54, 66.57, 48.08, 50.49, 58.14, 68.07, 73.06, 58.6, 58.15, 112.71, 113.6, 50.59, 85.09, 111.36, 33.73, 120.5, 40.5, 29.12, 23.09, 24.19, 36.25, 17.26, 9.6, 22.47, 29.97, 29.53, 21.02, 20.81, 28.16, 26.91, 41.62, 42.44], [50.92, 46.57, 46.2, 1.0, 0.0, 21.02, 22.02, 16.49, 59.55, 48.23, 61.25, 73.54, 66.89, 66.99, 66.04, 48.38, 50.64, 58.08, 68.03, 73.57, 59.03, 58.59, 113.18, 114.06, 50.92, 85.49, 111.83, 33.96, 121.46, 41.05, 30.08, 24.08, 25.18, 37.16, 18.25, 10.4, 23.02, 30.41, 30.02, 21.93, 21.73, 29.12, 27.59, 42.44, 43.27], [70.83, 66.91, 66.87, 21.0, 21.02, 0.0, 1.0, 5.83, 76.16, 68.17, 82.12, 93.61, 85.91, 85.88, 85.0, 68.45, 71.34, 79.1, 89.05, 91.79, 78.11, 77.64, 131.7, 132.62, 70.83, 104.68, 130.39, 13.89, 115.97, 25.55, 40.31, 29.83, 30.0, 33.54, 29.41, 16.77, 41.76, 49.73, 49.04, 35.51, 35.09, 39.62, 44.78, 56.4, 57.01], [71.81, 67.9, 67.86, 22.0, 22.02, 1.0, 0.0, 6.71, 77.03, 69.15, 83.12, 94.56, 86.82, 86.78, 85.91, 69.43, 72.34, 80.1, 90.05, 92.7, 79.06, 78.58, 132.62, 133.54, 71.8, 105.62, 131.31, 13.04, 115.85, 25.06, 41.04, 30.48, 30.61, 33.73, 30.23, 17.67, 42.72, 50.7, 50.0, 36.36, 35.93, 40.36, 45.69, 57.2, 57.8], [65.31, 61.52, 61.63, 16.28, 16.49, 5.83, 6.71, 0.0, 70.33, 62.66, 77.01, 89.89, 82.76, 82.8, 81.88, 62.97, 66.12, 74.33, 84.21, 86.01, 72.42, 71.95, 125.92, 126.85, 65.3, 98.98, 124.62, 17.46, 113.77, 26.17, 34.66, 24.41, 24.7, 30.02, 23.6, 10.97, 36.14, 44.15, 43.42, 29.68, 29.26, 33.94, 39.0, 50.61, 51.22], [22.2, 27.0, 31.0, 58.9, 59.55, 76.16, 77.03, 70.33, 0.0, 23.01, 37.12, 70.84, 74.97, 75.88, 74.81, 24.02, 31.4, 43.97, 47.01, 18.03, 15.26, 15.01, 56.75, 57.72, 22.21, 33.24, 55.54, 83.93, 111.76, 80.6, 38.33, 49.34, 50.0, 60.21, 46.96, 59.42, 36.77, 30.81, 30.61, 40.71, 41.15, 38.6, 32.02, 21.38, 21.21], [2.69, 4.03, 8.0, 47.91, 48.23, 68.17, 69.15, 62.66, 23.01, 0.0, 18.72, 49.42, 52.28, 53.15, 52.07, 1.12, 9.18, 22.74, 28.81, 28.11, 12.5, 12.21, 65.87, 66.7, 2.69, 37.65, 64.48, 78.91, 129.0, 79.81, 39.69, 48.17, 49.33, 63.12, 42.55, 52.04, 26.67, 18.61, 19.53, 36.72, 37.22, 39.37, 25.68, 28.69, 29.36], [17.36, 17.27, 15.7, 61.17, 61.25, 82.12, 83.12, 77.01, 37.12, 18.72, 0.0, 34.22, 40.7, 41.74, 40.81, 17.76, 11.28, 9.01, 10.26, 32.56, 22.01, 22.19, 61.46, 62.1, 17.35, 34.05, 60.05, 94.03, 147.03, 96.6, 57.98, 65.66, 66.9, 81.17, 59.33, 67.07, 42.66, 35.05, 36.27, 53.98, 54.47, 57.58, 43.17, 47.32, 47.95], [49.24, 46.14, 42.45, 73.93, 73.54, 93.61, 94.56, 89.89, 70.84, 49.42, 34.22, 0.0, 13.04, 14.01, 13.89, 48.3, 40.25, 26.93, 26.0, 66.19, 56.04, 56.18, 87.09, 87.46, 49.24, 63.79, 85.8, 107.22, 177.63, 114.04, 82.76, 87.2, 88.6, 103.6, 79.63, 82.51, 63.89, 58.69, 60.11, 76.06, 76.45, 82.07, 67.18, 76.84, 77.67], [52.77, 48.51, 44.51, 67.42, 66.89, 85.91, 86.82, 82.76, 74.97, 52.28, 40.7, 13.04, 0.0, 1.12, 1.0, 51.2, 43.57, 32.02, 34.79, 73.25, 61.13, 61.17, 97.94, 98.39, 52.76, 73.08, 96.61, 99.74, 177.34, 107.91, 80.6, 83.44, 84.85, 99.72, 75.66, 76.56, 61.22, 57.45, 58.83, 73.0, 73.33, 79.81, 65.46, 77.39, 78.29], [53.68, 49.36, 45.35, 67.54, 66.99, 85.88, 86.78, 82.8, 75.88, 53.15, 41.74, 14.01, 1.12, 0.0, 1.12, 52.07, 44.48, 33.03, 35.89, 74.28, 62.1, 62.13, 99.06, 99.51, 53.67, 74.18, 97.73, 99.73, 177.93, 108.03, 81.1, 83.8, 85.21, 100.06, 76.01, 76.72, 61.7, 58.05, 59.42, 73.43, 73.76, 80.3, 66.01, 78.08, 79.0], [52.61, 48.27, 44.26, 66.57, 66.04, 85.0, 85.91, 81.88, 74.81, 52.07, 40.81, 13.89, 1.0, 1.12, 0.0, 50.99, 43.42, 32.06, 35.11, 73.33, 61.07, 61.1, 98.39, 98.84, 52.6, 73.38, 97.05, 98.84, 176.82, 107.07, 80.0, 82.73, 84.15, 99.01, 74.95, 75.74, 60.61, 56.94, 58.31, 72.35, 72.67, 79.2, 64.9, 76.97, 77.88], [2.83, 3.16, 7.02, 48.08, 48.38, 68.45, 69.43, 62.97, 24.02, 1.12, 17.76, 48.3, 51.2, 52.07, 50.99, 0.0, 8.06, 21.63, 27.8, 28.6, 13.04, 12.78, 66.03, 66.85, 2.82, 37.74, 64.64, 79.31, 130.1, 80.4, 40.5, 48.84, 50.01, 63.89, 43.1, 52.4, 27.07, 19.03, 20.0, 37.34, 37.83, 40.16, 26.31, 29.73, 30.41], [9.22, 6.4, 4.5, 50.49, 50.64, 71.34, 72.34, 66.12, 31.4, 9.18, 11.28, 40.25, 43.57, 44.48, 43.42, 8.06, 0.0, 13.6, 20.59, 32.7, 18.25, 18.17, 67.27, 68.01, 9.21, 38.9, 65.86, 83.0, 138.06, 85.33, 46.96, 54.41, 55.66, 70.01, 48.05, 56.0, 31.4, 23.77, 25.0, 42.72, 43.2, 46.52, 31.95, 37.48, 38.21], [22.36, 19.85, 16.65, 58.14, 58.08, 79.1, 80.1, 74.33, 43.97, 22.74, 9.01, 26.93, 32.02, 33.03, 32.06, 21.63, 13.6, 0.0, 10.05, 41.3, 29.43, 29.52, 70.0, 70.6, 22.35, 42.94, 68.6, 91.66, 151.65, 95.6, 59.36, 65.8, 67.12, 81.84, 58.87, 65.02, 42.15, 35.36, 36.72, 54.13, 54.58, 58.83, 43.91, 50.99, 51.74], [27.59, 26.93, 24.62, 68.07, 68.03, 89.05, 90.05, 84.21, 47.01, 28.81, 10.26, 26.0, 34.79, 35.89, 35.11, 27.8, 20.59, 10.05, 0.0, 40.31, 31.76, 32.0, 63.63, 64.14, 27.58, 38.33, 62.27, 101.49, 157.29, 105.02, 67.54, 74.67, 75.96, 90.47, 68.01, 74.74, 51.24, 44.01, 45.31, 62.97, 63.44, 67.08, 52.39, 57.49, 58.14], [25.81, 31.62, 34.73, 73.06, 73.57, 91.79, 92.7, 86.01, 18.03, 28.11, 32.56, 66.19, 73.25, 74.28, 73.33, 28.6, 32.7, 41.3, 40.31, 0.0, 15.62, 15.95, 39.92, 40.85, 25.82, 15.3, 38.63, 100.58, 126.04, 98.15, 55.73, 66.49, 67.27, 78.1, 63.25, 75.04, 50.61, 43.27, 43.57, 56.92, 57.4, 55.9, 47.01, 39.12, 39.05], [10.3, 16.12, 19.5, 58.6, 59.03, 78.11, 79.06, 72.42, 15.26, 12.5, 22.01, 56.04, 61.13, 62.1, 61.07, 13.04, 18.25, 29.43, 31.76, 15.62, 0.0, 0.5, 54.2, 55.07, 10.3, 26.57, 52.84, 87.86, 126.57, 87.05, 45.1, 55.04, 56.01, 68.47, 50.64, 61.54, 36.4, 28.64, 29.15, 44.41, 44.9, 45.04, 33.73, 30.36, 30.68], [10.06, 15.88, 19.31, 58.15, 58.59, 77.64, 78.58, 71.95, 15.01, 12.21, 22.19, 56.18, 61.17, 62.13, 61.1, 12.78, 18.17, 29.52, 32.0, 15.95, 0.5, 0.0, 54.64, 55.51, 10.07, 27.04, 53.28, 87.37, 126.22, 86.55, 44.6, 54.54, 55.51, 67.97, 50.14, 61.06, 35.93, 28.18, 28.69, 43.91, 44.41, 44.54, 33.25, 29.89, 30.2], [63.25, 68.6, 70.68, 112.71, 113.18, 131.7, 132.62, 125.92, 56.75, 65.87, 61.46, 87.09, 97.94, 99.06, 98.39, 66.03, 67.27, 70.0, 63.63, 39.92, 54.2, 54.64, 0.0, 1.0, 63.25, 28.43, 1.41, 140.41, 149.88, 137.32, 95.08, 106.04, 106.74, 116.56, 103.12, 114.96, 90.34, 82.76, 83.19, 96.8, 97.27, 95.34, 86.93, 78.1, 77.88], [64.07, 69.4, 71.45, 113.6, 114.06, 132.62, 133.54, 126.85, 57.72, 66.7, 62.1, 87.46, 98.39, 99.51, 98.84, 66.85, 68.01, 70.6, 64.14, 40.85, 55.07, 55.51, 1.0, 0.0, 64.08, 29.21, 2.24, 141.35, 150.79, 138.29, 96.05, 107.0, 107.7, 117.55, 104.06, 115.88, 91.24, 83.65, 84.08, 97.74, 98.21, 96.3, 87.85, 79.08, 78.85], [0.01, 5.82, 9.33, 50.59, 50.92, 70.83, 71.8, 65.3, 22.21, 2.69, 17.35, 49.24, 52.76, 53.67, 52.6, 2.82, 9.21, 22.35, 27.58, 25.82, 10.3, 10.07, 63.25, 64.08, 0.0, 34.99, 61.86, 81.5, 129.84, 82.22, 41.76, 50.49, 51.63, 65.26, 45.01, 54.66, 29.27, 21.21, 22.09, 39.12, 39.61, 41.49, 28.07, 30.01, 30.62], [34.99, 40.22, 42.25, 85.09, 85.49, 104.68, 105.62, 98.98, 33.24, 37.65, 34.05, 63.79, 73.08, 74.18, 73.38, 37.74, 38.9, 42.94, 38.33, 15.3, 26.57, 27.04, 28.43, 29.21, 34.99, 0.0, 27.02, 114.24, 139.85, 112.64, 70.26, 80.75, 81.61, 93.01, 76.9, 88.08, 62.97, 55.15, 55.71, 70.61, 71.1, 70.35, 60.17, 54.0, 54.01], [61.85, 67.2, 69.27, 111.36, 111.83, 130.39, 131.31, 124.62, 55.54, 64.48, 60.05, 85.8, 96.61, 97.73, 97.05, 64.64, 65.86, 68.6, 62.27, 38.63, 52.84, 53.28, 1.41, 2.24, 61.86, 27.02, 0.0, 139.14, 149.4, 136.12, 93.86, 104.81, 105.51, 115.41, 101.84, 113.65, 89.0, 81.41, 81.84, 95.52, 95.99, 94.11, 85.62, 76.9, 76.69], [81.5, 78.1, 78.5, 33.73, 33.96, 13.89, 13.04, 17.46, 83.93, 78.91, 94.03, 107.22, 99.74, 99.73, 98.84, 79.31, 83.0, 91.66, 101.49, 100.58, 87.86, 87.37, 140.41, 141.35, 81.5, 114.24, 139.14, 0.0, 108.04, 15.03, 46.07, 34.89, 34.48, 31.62, 37.36, 27.0, 52.24, 60.3, 59.41, 43.68, 43.2, 45.62, 54.13, 63.07, 63.51], [129.83, 131.82, 135.3, 120.5, 121.46, 115.97, 115.85, 113.77, 111.76, 129.0, 147.03, 177.63, 177.34, 177.93, 176.82, 130.1, 138.06, 151.65, 157.29, 126.04, 126.57, 126.22, 149.88, 150.79, 129.84, 139.85, 149.4, 108.04, 0.0, 93.02, 97.49, 98.08, 96.8, 84.65, 105.48, 111.61, 116.76, 119.89, 118.51, 106.02, 105.81, 98.39, 112.0, 100.8, 100.0], [82.22, 79.76, 80.9, 40.5, 41.05, 25.55, 25.06, 26.17, 80.6, 79.81, 96.6, 114.04, 107.91, 108.03, 107.07, 80.4, 85.33, 95.6, 105.02, 98.15, 87.05, 86.55, 137.32, 138.29, 82.22, 112.64, 136.12, 15.03, 93.02, 0.0, 42.43, 32.02, 31.06, 21.95, 37.34, 31.53, 53.94, 61.66, 60.53, 43.1, 42.61, 42.3, 54.15, 59.23, 59.44], [41.76, 40.72, 42.98, 29.12, 30.08, 40.31, 41.04, 34.66, 38.33, 39.69, 57.98, 82.76, 80.6, 81.1, 80.0, 40.5, 46.96, 59.36, 67.54, 55.73, 45.1, 44.6, 95.08, 96.05, 41.76, 70.26, 93.86, 46.07, 97.49, 42.43, 0.0, 11.18, 11.7, 23.54, 12.08, 24.82, 19.42, 24.21, 22.8, 9.06, 9.01, 1.0, 15.62, 17.09, 17.46], [50.49, 48.51, 50.12, 23.09, 24.08, 29.83, 30.48, 24.41, 49.34, 48.17, 65.66, 87.2, 83.44, 83.8, 82.73, 48.84, 54.41, 65.8, 74.67, 66.49, 55.04, 54.54, 106.04, 107.0, 50.49, 80.75, 104.81, 34.89, 98.08, 32.02, 11.18, 0.0, 1.41, 16.4, 7.81, 16.01, 23.71, 30.68, 29.41, 11.7, 11.24, 10.77, 22.56, 28.23, 28.64], [51.62, 49.73, 51.39, 24.19, 25.18, 30.0, 30.61, 24.7, 50.0, 49.33, 66.9, 88.6, 84.85, 85.21, 84.15, 50.01, 55.66, 67.12, 75.96, 67.27, 56.01, 55.51, 106.74, 107.7, 51.63, 81.61, 105.51, 34.48, 96.8, 31.06, 11.7, 1.41, 0.0, 15.0, 9.22, 16.77, 25.06, 31.95, 30.68, 13.0, 12.54, 11.4, 23.77, 28.79, 29.15], [65.25, 63.91, 65.85, 36.25, 37.16, 33.54, 33.73, 30.02, 60.21, 63.12, 81.17, 103.6, 99.72, 100.06, 99.01, 63.89, 70.01, 81.84, 90.47, 78.1, 68.47, 67.97, 116.56, 117.55, 65.26, 93.01, 115.41, 31.62, 84.65, 21.95, 23.54, 16.4, 15.0, 0.0, 24.08, 27.04, 39.96, 46.52, 45.19, 27.78, 27.35, 23.77, 38.08, 39.01, 39.05], [45.01, 42.43, 43.66, 17.26, 18.25, 29.41, 30.23, 23.6, 46.96, 42.55, 59.33, 79.63, 75.66, 76.01, 74.95, 43.1, 48.05, 58.87, 68.01, 63.25, 50.64, 50.14, 103.12, 104.06, 45.01, 76.9, 101.84, 37.36, 105.48, 37.34, 12.08, 7.81, 9.22, 24.08, 0.0, 13.09, 16.76, 24.33, 23.19, 6.32, 5.85, 11.18, 17.03, 27.02, 27.66], [54.66, 51.12, 51.5, 9.6, 10.4, 16.77, 17.67, 10.97, 59.42, 52.04, 67.07, 82.51, 76.56, 76.72, 75.74, 52.4, 56.0, 65.02, 74.74, 75.04, 61.54, 61.06, 114.96, 115.88, 54.66, 88.08, 113.65, 27.0, 111.61, 31.53, 24.82, 16.01, 16.77, 27.04, 13.09, 0.0, 25.4, 33.46, 32.65, 18.9, 18.51, 24.01, 28.04, 40.03, 40.7], [29.27, 26.02, 26.97, 22.47, 23.02, 41.76, 42.72, 36.14, 36.77, 26.67, 42.66, 63.89, 61.22, 61.7, 60.61, 27.07, 31.4, 42.15, 51.24, 50.61, 36.4, 35.93, 90.34, 91.24, 29.27, 62.97, 89.0, 52.24, 116.76, 53.94, 19.42, 23.71, 25.06, 39.96, 16.76, 25.4, 0.0, 8.06, 7.28, 12.21, 12.62, 18.6, 6.08, 22.56, 23.54], [21.21, 18.11, 19.45, 29.97, 30.41, 49.73, 50.7, 44.15, 30.81, 18.61, 35.05, 58.69, 57.45, 58.05, 56.94, 19.03, 23.77, 35.36, 44.01, 43.27, 28.64, 28.18, 82.76, 83.65, 21.21, 55.15, 81.41, 60.3, 119.89, 61.66, 24.21, 30.68, 31.95, 46.52, 24.33, 33.46, 8.06, 0.0, 1.41, 18.97, 19.45, 23.6, 8.6, 21.21, 22.2], [22.09, 19.24, 20.72, 29.53, 30.02, 49.04, 50.0, 43.42, 30.61, 19.53, 36.27, 60.11, 58.83, 59.42, 58.31, 20.0, 25.0, 36.72, 45.31, 43.57, 29.15, 28.69, 83.19, 84.08, 22.09, 55.71, 81.84, 59.41, 118.51, 60.53, 22.8, 29.41, 30.68, 45.19, 23.19, 32.65, 7.28, 1.41, 0.0, 17.72, 18.2, 22.2, 7.21, 20.1, 21.1], [39.12, 36.88, 38.42, 21.02, 21.93, 35.51, 36.36, 29.68, 40.71, 36.72, 53.98, 76.06, 73.0, 73.43, 72.35, 37.34, 42.72, 54.13, 62.97, 56.92, 44.41, 43.91, 96.8, 97.74, 39.12, 70.61, 95.52, 43.68, 106.02, 43.1, 9.06, 11.7, 13.0, 27.78, 6.32, 18.9, 12.21, 18.97, 17.72, 0.0, 0.5, 8.06, 11.05, 21.21, 21.93], [39.61, 37.37, 38.9, 20.81, 21.73, 35.09, 35.93, 29.26, 41.15, 37.22, 54.47, 76.45, 73.33, 73.76, 72.67, 37.83, 43.2, 54.58, 63.44, 57.4, 44.9, 44.41, 97.27, 98.21, 39.61, 71.1, 95.99, 43.2, 105.81, 42.61, 9.01, 11.24, 12.54, 27.35, 5.85, 18.51, 12.62, 19.45, 18.2, 0.5, 0.0, 8.02, 11.54, 21.57, 22.28], [41.48, 40.31, 42.5, 28.16, 29.12, 39.62, 40.36, 33.94, 38.6, 39.37, 57.58, 82.07, 79.81, 80.3, 79.2, 40.16, 46.52, 58.83, 67.08, 55.9, 45.04, 44.54, 95.34, 96.3, 41.49, 70.35, 94.11, 45.62, 98.39, 42.3, 1.0, 10.77, 11.4, 23.77, 11.18, 24.01, 18.6, 23.6, 22.2, 8.06, 8.02, 0.0, 15.0, 17.46, 17.89], [28.07, 25.96, 27.77, 26.91, 27.59, 44.78, 45.69, 39.0, 32.02, 25.68, 43.17, 67.18, 65.46, 66.01, 64.9, 26.31, 31.95, 43.91, 52.39, 47.01, 33.73, 33.25, 86.93, 87.85, 28.07, 60.17, 85.62, 54.13, 112.0, 54.15, 15.62, 22.56, 23.77, 38.08, 17.03, 28.04, 6.08, 8.6, 7.21, 11.05, 11.54, 15.0, 0.0, 16.49, 17.46], [30.0, 31.14, 34.51, 41.62, 42.44, 56.4, 57.2, 50.61, 21.38, 28.69, 47.32, 76.84, 77.39, 78.08, 76.97, 29.73, 37.48, 50.99, 57.49, 39.12, 30.36, 29.89, 78.1, 79.08, 30.01, 54.0, 76.9, 63.07, 100.8, 59.23, 17.09, 28.23, 28.79, 39.01, 27.02, 40.03, 22.56, 21.21, 20.1, 21.21, 21.57, 17.46, 16.49, 0.0, 1.0], [30.61, 31.89, 35.3, 42.44, 43.27, 57.01, 57.8, 51.22, 21.21, 29.36, 47.95, 77.67, 78.29, 79.0, 77.88, 30.41, 38.21, 51.74, 58.14, 39.05, 30.68, 30.2, 77.88, 78.85, 30.62, 54.01, 76.69, 63.51, 100.0, 59.44, 17.46, 28.64, 29.15, 39.05, 27.66, 40.7, 23.54, 22.2, 21.1, 21.93, 22.28, 17.89, 17.46, 1.0, 0.0]]