{
"vehicles":{

"1":{"position":0 },
"2":{"position":1},
"3":{"position":2},
"4":{"position":3},
"5":{"position":4},
"6":{"position":5},
"7":{"position":6}


},

"customers":{
"0":{"position":0,"service_time":0,"hora_vuelo":5000,"demand":0,"hora_max_recogida": 5000,"hora_min_recogida": 0 },
"1":{"position":1,"service_time":0,"hora_vuelo":5000,"demand":19,"hora_max_recogida": 5000,"hora_min_recogida": 0},
"2":{"position":2,"service_time":0,"hora_vuelo":5000,"demand":21,"hora_max_recogida": 5000,"hora_min_recogida": 0},
"3":{"position":3,"service_time":0,"hora_vuelo":5000,"demand":6,"hora_max_recogida": 5000,"hora_min_recogida": 0},
"4":{"position":4,"service_time":0,"hora_vuelo":5000,"demand":19,"hora_max_recogida": 5000,"hora_min_recogida": 0},
"5":{"position":5,"service_time":0,"hora_vuelo":5000,"demand":7,"hora_max_recogida": 5000,"hora_min_recogida": 0},
"6":{"position":6,"service_time":0,"hora_vuelo":5000,"demand":12,"hora_max_recogida": 5000,"hora_min_recogida": 0},
"7":{"position":7,"service_time":0,"hora_vuelo":5000,"demand":16,"hora_max_recogida": 5000,"hora_min_recogida": 0},
"8":{"position":8,"service_time":0,"hora_vuelo":5000,"demand":6,"hora_max_recogida": 5000,"hora_min_recogida": 0},
"9":{"position":9,"service_time":0,"hora_vuelo":5000,"demand":16,"hora_max_recogida": 5000,"hora_min_recogida": 0},
"10":{"position":10,"service_time":0,"hora_vuelo":5000,"demand":8,"hora_max_recogida": 5000,"hora_min_recogida": 0},
"11":{"position":11,"service_time":0,"hora_vuelo":5000,"demand":14,"hora_max_recogida": 5000,"hora_min_recogida": 0},
"12":{"position":12,"service_time":0,"hora_vuelo":5000,"demand":21,"hora_max_recogida": 5000,"hora_min_recogida": 0},
"13":{"position":13,"service_time":0,"hora_vuelo":5000,"demand":16,"hora_max_recogida": 5000,"hora_min_recogida": 0},
"14":{"position":14,"service_time":0,"hora_vuelo":5000,"demand":3,"hora_max_recogida": 5000,"hora_min_recogida": 0},
"15":{"position":15,"service_time":0,"hora_vuelo":5000,"demand":22,"hora_max_recogida": 5000,"hora_min_recogida": 0},
"16":{"position":16,"service_time":0,"hora_vuelo":5000,"demand":18,"hora_max_recogida": 5000,"hora_min_recogida": 0},
"17":{"position":17,"service_time":0,"hora_vuelo":5000,"demand":19,"hora_max_recogida": 5000,"hora_min_recogida": 0},
"18":{"position":18,"service_time":0,"hora_vuelo":5000,"demand":1,"hora_max_recogida": 5000,"hora_min_recogida": 0},
"19":{"position":19,"service_time":0,"hora_vuelo":5000,"demand":24,"hora_max_recogida": 5000,"hora_min_recogida": 0},
"20":{"position":20,"service_time":0,"hora_vuelo":5000,"demand":8,"hora_max_recogida": 5000,"hora_min_recogida": 0},
"21":{"position":21,"service_time":0,"hora_vuelo":5000,"demand":12,"hora_max_recogida": 5000,"hora_min_recogida": 0},
"22":{"position":22,"service_time":0,"hora_vuelo":5000,"demand":4,"hora_max_recogida": 5000,"hora_min_recogida": 0},
"23":{"position":23,"service_time":0,"hora_vuelo":5000,"demand":8,"hora_max_recogida": 5000,"hora_min_recogida": 0},
"24":{"position":24,"service_time":0,"hora_vuelo":5000,"demand":24,"hora_max_recogida": 5000,"hora_min_recogida": 0},
"25":{"position":25,"service_time":0,"hora_vuelo":5000,"demand":24,"hora_max_recogida": 5000,"hora_min_recogida": 0},
"26":{"position":26,"service_time":0,"hora_vuelo":5000,"demand":2,"hora_max_recogida": 5000,"hora_min_recogida": 0},
"27":{"position":27,"service_time":0,"hora_vuelo":5000,"demand":20,"hora_max_recogida": 5000,"hora_min_recogida": 0},
"28":{"position":28,"service_time":0,"hora_vuelo":5000,"demand":15,"hora_max_recogida": 5000,"hora_min_recogida": 0},
"29":{"position":29,"service_time":0,"hora_vuelo":5000,"demand":2,"hora_max_recogida": 5000,"hora_min_recogida": 0},
"30":{"position":30,"service_time":0,"hora_vuelo":5000,"demand":14,"hora_max_recogida": 5000,"hora_min_recogida": 0},
"31":{"position":31,"service_time":0,"hora_vuelo":5000,"demand":9,"hora_max_recogida": 5000,"hora_min_recogida": 0}},

 "distance_matrix":[[0.0, 34.93, 77.88, 75.58, 97.58, 54.57, 51.88, 37.05, 85.6, 88.14, 79.23, 101.41, 28.84, 51.04, 27.02, 81.74, 25.71, 74.55, 76.84, 73.82, 36.24, 64.03, 84.17, 78.03, 25.24, 75.96, 21.1, 25.96, 84.86, 62.29, 16.28, 72.78],
[34.93, 0.0, 60.31, 59.2, 90.87, 80.71, 40.5, 13.0, 84.4, 94.13, 100.46, 97.14, 8.25, 22.47, 38.08, 97.29, 10.63, 42.3, 77.93, 41.11, 67.21, 30.07, 91.02, 64.35, 39.36, 101.87, 19.42, 46.32, 78.55, 80.32, 19.42, 39.05],
[77.88, 60.31, 0.0, 3.16, 37.05, 86.59, 26.25, 48.08, 40.71, 58.82, 90.21, 45.28, 67.18, 39.45, 55.11, 77.47, 59.67, 41.11, 41.11, 43.05, 88.0, 48.84, 58.26, 8.94, 58.05, 100.72, 58.31, 64.38, 28.79, 71.59, 65.19, 48.0],
[75.58, 59.2, 3.16, 0.0, 36.01, 83.43, 23.77, 46.75, 38.48, 56.3, 87.13, 44.05, 65.86, 38.91, 52.39, 74.52, 58.05, 42.43, 38.42, 44.28, 85.01, 49.37, 55.61, 7.07, 55.32, 97.58, 56.3, 61.52, 26.93, 68.45, 63.25, 49.09],
[97.58, 90.87, 37.05, 36.01, 0.0, 83.55, 50.54, 77.88, 17.03, 33.84, 75.66, 8.54, 96.18, 73.25, 70.77, 59.23, 86.95, 78.16, 25.71, 80.1, 93.62, 85.29, 35.9, 29.07, 73.0, 90.09, 82.42, 76.03, 12.81, 63.39, 89.4, 85.02],
[54.57, 80.71, 86.59, 83.43, 83.55, 0.0, 65.74, 74.33, 66.71, 56.82, 26.93, 82.57, 78.29, 84.39, 43.86, 36.88, 70.18, 106.83, 57.87, 107.2, 21.38, 101.91, 52.77, 81.05, 41.87, 21.54, 61.29, 34.41, 74.24, 21.02, 63.06, 108.71],
[51.88, 40.5, 26.25, 23.77, 50.54, 65.74, 0.0, 27.51, 44.41, 56.72, 75.69, 56.65, 45.65, 26.48, 29.15, 66.89, 36.62, 43.28, 39.05, 44.2, 63.51, 43.08, 54.34, 26.4, 32.14, 83.01, 33.3, 39.01, 38.08, 55.17, 40.36, 47.17],
[37.05, 13.0, 48.08, 46.75, 77.88, 74.33, 27.51, 0.0, 71.59, 82.0, 91.71, 84.15, 19.1, 14.0, 30.48, 86.98, 12.65, 37.66, 65.38, 37.11, 63.81, 28.65, 79.06, 51.61, 32.53, 94.81, 16.49, 40.36, 65.55, 71.11, 21.02, 36.77],
[85.6, 84.4, 40.71, 38.48, 17.03, 66.71, 44.41, 71.59, 0.0, 19.21, 59.03, 16.64, 88.54, 70.01, 58.6, 43.01, 78.77, 80.08, 9.43, 81.74, 77.83, 84.59, 20.12, 31.76, 60.44, 73.17, 72.92, 62.24, 12.73, 46.39, 79.61, 86.12],
[88.14, 94.13, 58.82, 56.3, 33.84, 56.82, 56.72, 82.0, 19.21, 0.0, 43.01, 29.15, 96.88, 83.19, 62.3, 26.02, 86.83, 96.38, 18.38, 97.86, 72.25, 99.2, 4.24, 50.0, 63.32, 58.42, 79.62, 62.65, 31.89, 35.85, 85.62, 101.84],
[79.23, 100.46, 90.21, 87.13, 75.66, 26.93, 75.69, 91.71, 59.03, 43.01, 0.0, 72.03, 99.62, 99.05, 62.39, 17.12, 90.48, 118.93, 52.5, 119.75, 48.27, 116.83, 40.05, 82.76, 61.35, 16.16, 81.6, 55.54, 69.92, 20.81, 84.9, 122.29],
[101.41, 97.14, 45.28, 44.05, 8.54, 82.57, 56.65, 84.15, 16.64, 29.15, 72.03, 0.0, 102.04, 80.41, 74.41, 55.15, 92.57, 86.37, 26.08, 88.28, 94.41, 93.09, 32.0, 37.01, 76.42, 87.09, 87.46, 78.64, 18.68, 61.85, 94.34, 93.13],
[28.84, 8.25, 67.18, 65.86, 96.18, 78.29, 45.65, 19.1, 88.54, 96.88, 99.62, 102.04, 0.0, 30.41, 37.66, 97.87, 10.05, 50.49, 81.49, 49.25, 63.13, 38.0, 93.54, 70.6, 38.33, 99.73, 18.25, 44.38, 83.63, 80.05, 15.26, 47.0],
[51.04, 22.47, 39.45, 38.91, 73.25, 84.39, 26.48, 14.0, 70.01, 83.19, 99.05, 80.41, 30.41, 0.0, 41.05, 92.14, 26.31, 24.04, 65.38, 23.77, 76.03, 17.8, 80.81, 44.94, 43.57, 103.97, 30.27, 51.62, 61.81, 78.24, 35.01, 24.41],
[27.02, 38.08, 55.11, 52.39, 70.77, 43.86, 29.15, 30.48, 58.6, 62.3, 62.39, 74.41, 37.66, 41.05, 0.0, 60.3, 28.16, 64.41, 49.93, 64.5, 35.74, 58.26, 58.52, 53.49, 3.0, 64.4, 19.42, 10.77, 58.14, 42.45, 24.02, 65.46],
[81.74, 97.29, 77.47, 74.52, 59.23, 36.88, 66.89, 86.98, 43.01, 26.02, 17.12, 55.15, 97.87, 92.14, 60.3, 0.0, 88.12, 109.86, 37.59, 110.94, 56.44, 109.59, 23.35, 69.4, 60.07, 32.98, 79.63, 56.14, 54.63, 19.65, 84.15, 114.06],
[25.71, 10.63, 59.67, 58.05, 86.95, 70.18, 36.62, 12.65, 78.77, 86.83, 90.48, 92.57, 10.05, 26.31, 28.16, 88.12, 0.0, 49.09, 71.57, 48.26, 56.64, 38.33, 83.49, 62.29, 29.15, 91.42, 8.94, 35.85, 74.3, 70.6, 9.49, 47.07],
[74.55, 42.3, 41.11, 42.43, 78.16, 106.83, 43.28, 37.66, 80.08, 96.38, 118.93, 86.37, 50.49, 24.04, 64.41, 109.86, 49.09, 0.0, 78.0, 2.24, 99.81, 13.89, 94.85, 49.5, 67.08, 125.5, 54.13, 75.13, 69.23, 98.31, 58.31, 7.62],
[76.84, 77.93, 41.11, 38.42, 25.71, 57.87, 39.05, 65.38, 9.43, 18.38, 52.5, 26.08, 81.49, 65.38, 49.93, 37.59, 71.57, 78.0, 0.0, 79.48, 68.43, 81.02, 17.2, 32.53, 51.61, 65.76, 65.19, 53.04, 17.46, 38.01, 71.69, 83.49],
[73.82, 41.11, 43.05, 44.28, 80.1, 107.2, 44.2, 37.11, 81.74, 97.86, 119.75, 88.28, 49.25, 23.77, 64.5, 110.94, 48.26, 2.24, 79.48, 0.0, 99.74, 12.08, 96.25, 51.35, 67.12, 126.06, 53.6, 75.18, 71.02, 99.09, 57.56, 5.39],
[36.24, 67.21, 88.0, 85.01, 93.62, 21.38, 63.51, 63.81, 77.83, 72.25, 48.27, 94.41, 63.13, 76.03, 35.74, 56.44, 56.64, 99.81, 68.43, 99.74, 0.0, 92.44, 68.01, 84.38, 32.89, 41.19, 48.41, 25.0, 82.54, 37.8, 48.1, 100.24],
[64.03, 30.07, 48.84, 49.37, 85.29, 101.91, 43.08, 28.65, 84.59, 99.2, 116.83, 93.09, 38.0, 17.8, 58.26, 109.59, 38.33, 13.89, 81.02, 12.08, 92.44, 0.0, 97.12, 56.22, 60.61, 121.7, 44.78, 68.6, 75.01, 96.02, 47.8, 9.0],
[84.17, 91.02, 58.26, 55.61, 35.9, 52.77, 54.34, 79.06, 20.12, 4.24, 40.05, 32.0, 93.54, 80.81, 58.52, 23.35, 83.49, 94.85, 17.2, 96.25, 68.01, 97.12, 0.0, 49.58, 59.46, 55.15, 76.12, 58.59, 32.45, 31.76, 82.0, 100.09],
[78.03, 64.35, 8.94, 7.07, 29.07, 81.05, 26.4, 51.61, 31.76, 50.0, 82.76, 37.01, 70.6, 44.94, 53.49, 69.4, 62.29, 49.5, 32.53, 51.35, 84.38, 56.22, 49.58, 0.0, 56.3, 93.98, 59.67, 61.85, 19.92, 64.85, 66.71, 56.14],
[25.24, 39.36, 58.05, 55.32, 73.0, 41.87, 32.14, 32.53, 60.44, 63.32, 61.35, 76.42, 38.33, 43.57, 3.0, 60.07, 29.15, 67.08, 51.61, 67.12, 32.89, 60.61, 59.46, 56.3, 0.0, 62.68, 20.25, 8.06, 60.44, 41.77, 24.08, 67.96],
[75.96, 101.87, 100.72, 97.58, 90.09, 21.54, 83.01, 94.81, 73.17, 58.42, 16.16, 87.09, 99.73, 103.97, 64.4, 32.98, 91.42, 125.5, 65.76, 126.06, 41.19, 121.7, 55.15, 93.98, 62.68, 0.0, 82.49, 55.57, 83.19, 29.15, 84.53, 128.0],
[21.1, 19.42, 58.31, 56.3, 82.42, 61.29, 33.3, 16.49, 72.92, 79.62, 81.6, 87.46, 18.25, 30.27, 19.42, 79.63, 8.94, 54.13, 65.19, 53.6, 48.41, 44.78, 76.12, 59.67, 20.25, 82.49, 0.0, 26.93, 69.63, 61.85, 7.07, 53.14],
[25.96, 46.32, 64.38, 61.52, 76.03, 34.41, 39.01, 40.36, 62.24, 62.65, 55.54, 78.64, 44.38, 51.62, 10.77, 56.14, 35.85, 75.13, 53.04, 75.18, 25.0, 68.6, 58.59, 61.85, 8.06, 55.57, 26.93, 0.0, 63.81, 37.01, 29.41, 76.01],
[84.86, 78.55, 28.79, 26.93, 12.81, 74.24, 38.08, 65.55, 12.73, 31.89, 69.92, 18.68, 83.63, 61.81, 58.14, 54.63, 74.3, 69.23, 17.46, 71.02, 82.54, 75.01, 32.45, 19.92, 60.44, 83.19, 69.63, 63.81, 0.0, 55.08, 76.61, 75.66],
[62.29, 80.32, 71.59, 68.45, 63.39, 21.02, 55.17, 71.11, 46.39, 35.85, 20.81, 61.85, 80.05, 78.24, 42.45, 19.65, 70.6, 98.31, 38.01, 99.09, 37.8, 96.02, 31.76, 64.85, 41.77, 29.15, 61.85, 37.01, 55.08, 0.0, 65.76, 101.53],
[16.28, 19.42, 65.19, 63.25, 89.4, 63.06, 40.36, 21.02, 79.61, 85.62, 84.9, 94.34, 15.26, 35.01, 24.02, 84.15, 9.49, 58.31, 71.69, 57.56, 48.1, 47.8, 82.0, 66.71, 24.08, 84.53, 7.07, 29.41, 76.61, 65.76, 0.0, 56.52],
[72.78, 39.05, 48.0, 49.09, 85.02, 108.71, 47.17, 36.77, 86.12, 101.84, 122.29, 93.13, 47.0, 24.41, 65.46, 114.06, 47.07, 7.62, 83.49, 5.39, 100.24, 9.0, 100.09, 56.14, 67.96, 128.0, 53.14, 76.01, 75.66, 101.53, 56.52, 0.0]
],
    "instance_name": "C101",
    "max_vehicle_number": 5,
    "vehicle_capacity": 100.0
}